VARIABLES= "X" "Y" "Z" 
ZONE T="Test Point", I=1, F=POINT
1.0306676908287871e+00   8.4999999999999998e-01   -9.1272365044997340e-03  
ZONE T="Cell 1853203"
ZONETYPE=FEPOLYHEDRON
NODES=8 ELEMENTS=1 FACES=12
TotalNumFaceNodes=36
NumConnectedBoundaryFaces=0 TotalNumBoundaryConnections=0
0.0000000000000000e+00   0.0000000000000000e+00   0.0000000000000000e+00   0.0000000000000000e+00   0.0000000000000000e+00   0.0000000000000000e+00   0.0000000000000000e+00   0.0000000000000000e+00   
0.0000000000000000e+00   0.0000000000000000e+00   0.0000000000000000e+00   0.0000000000000000e+00   0.0000000000000000e+00   0.0000000000000000e+00   0.0000000000000000e+00   0.0000000000000000e+00   
-7.1878709771082440e-03  -6.6390629403929313e-03  -6.6007839180363308e-03  -7.1468984932995640e-03  -7.8270310278716823e-03  -8.4628875914096319e-03  -7.7819224181781147e-03  -8.4146830359061887e-03  
3    3    3    3    3    3    3    3    3    3    3    3    
1                        2                        3                        1                        3                        4                        5                        2                        1                        5                        1                        6                        6                        5                        7                        6                        7                        8                        7                        3                        4                        7                        4                        8                        8                        4                        1                        8                        1                        6                        7                        3                        2                        7                        2                        5                        
1                        1                        1                        1                        1                        1                        1                        1                        1                        1                        1                        1                        
0                        0                        0                        0                        0                        0                        0                        0                        0                        0                        0                        0                        

ZONE T="Cell 2185031"
ZONETYPE=FEPOLYHEDRON
NODES=8 ELEMENTS=1 FACES=12
TotalNumFaceNodes=36
NumConnectedBoundaryFaces=0 TotalNumBoundaryConnections=0
0.0000000000000000e+00   0.0000000000000000e+00   0.0000000000000000e+00   0.0000000000000000e+00   0.0000000000000000e+00   0.0000000000000000e+00   0.0000000000000000e+00   0.0000000000000000e+00   
0.0000000000000000e+00   0.0000000000000000e+00   0.0000000000000000e+00   0.0000000000000000e+00   0.0000000000000000e+00   0.0000000000000000e+00   0.0000000000000000e+00   0.0000000000000000e+00   
-7.2055636839421216e-03  -7.2096767522560204e-03  -7.3727261181970984e-03  -7.3679881440822936e-03  -7.6399124224752497e-03  -7.8123771142263425e-03  -7.6407691045403672e-03  -7.8126137136311068e-03  
3    3    3    3    3    3    3    3    3    3    3    3    
1                        2                        3                        1                        3                        4                        3                        2                        5                        3                        5                        6                        2                        1                        7                        2                        7                        5                        8                        4                        1                        8                        1                        7                        3                        4                        8                        3                        8                        6                        7                        5                        6                        7                        6                        8                        
1                        1                        1                        1                        1                        1                        1                        1                        1                        1                        1                        1                        
0                        0                        0                        0                        0                        0                        0                        0                        0                        0                        0                        0                        

ZONE T="Cell 1864055"
ZONETYPE=FEPOLYHEDRON
NODES=8 ELEMENTS=1 FACES=12
TotalNumFaceNodes=36
NumConnectedBoundaryFaces=0 TotalNumBoundaryConnections=0
0.0000000000000000e+00   0.0000000000000000e+00   0.0000000000000000e+00   0.0000000000000000e+00   0.0000000000000000e+00   0.0000000000000000e+00   0.0000000000000000e+00   0.0000000000000000e+00   
0.0000000000000000e+00   0.0000000000000000e+00   0.0000000000000000e+00   0.0000000000000000e+00   0.0000000000000000e+00   0.0000000000000000e+00   0.0000000000000000e+00   0.0000000000000000e+00   
-7.3236718578540520e-03  -7.5972107685348947e-03  -7.6164154900518364e-03  -7.3294837011456480e-03  -7.6737849148179578e-03  -7.7010965335346749e-03  -7.4165509817914572e-03  -7.4027279734111507e-03  
3    3    3    3    3    3    3    3    3    3    3    3    
1                        2                        3                        1                        3                        4                        3                        2                        5                        3                        5                        6                        7                        4                        1                        7                        1                        8                        3                        4                        7                        3                        7                        6                        1                        2                        5                        1                        5                        8                        8                        5                        6                        8                        6                        7                        
1                        1                        1                        1                        1                        1                        1                        1                        1                        1                        1                        1                        
0                        0                        0                        0                        0                        0                        0                        0                        0                        0                        0                        0                        

ZONE T="Cell 1566799"
ZONETYPE=FEPOLYHEDRON
NODES=8 ELEMENTS=1 FACES=12
TotalNumFaceNodes=36
NumConnectedBoundaryFaces=0 TotalNumBoundaryConnections=0
0.0000000000000000e+00   0.0000000000000000e+00   0.0000000000000000e+00   0.0000000000000000e+00   0.0000000000000000e+00   0.0000000000000000e+00   0.0000000000000000e+00   0.0000000000000000e+00   
0.0000000000000000e+00   0.0000000000000000e+00   0.0000000000000000e+00   0.0000000000000000e+00   0.0000000000000000e+00   0.0000000000000000e+00   0.0000000000000000e+00   0.0000000000000000e+00   
-7.9374439196211143e-03  -7.1067049445915371e-03  -7.0597659082111104e-03  -7.8850691759660089e-03  -7.0807351144974015e-03  -7.1277139870632427e-03  -7.9584623067116503e-03  -7.9060461141006264e-03  
3    3    3    3    3    3    3    3    3    3    3    3    
1                        2                        3                        1                        3                        4                        5                        3                        2                        5                        2                        6                        2                        1                        7                        2                        7                        6                        8                        4                        1                        8                        1                        7                        3                        4                        8                        3                        8                        5                        7                        6                        5                        7                        5                        8                        
1                        1                        1                        1                        1                        1                        1                        1                        1                        1                        1                        1                        
0                        0                        0                        0                        0                        0                        0                        0                        0                        0                        0                        0                        

ZONE T="Cell 1409188"
ZONETYPE=FEPOLYHEDRON
NODES=8 ELEMENTS=1 FACES=12
TotalNumFaceNodes=36
NumConnectedBoundaryFaces=0 TotalNumBoundaryConnections=0
0.0000000000000000e+00   0.0000000000000000e+00   0.0000000000000000e+00   0.0000000000000000e+00   0.0000000000000000e+00   0.0000000000000000e+00   0.0000000000000000e+00   0.0000000000000000e+00   
0.0000000000000000e+00   0.0000000000000000e+00   0.0000000000000000e+00   0.0000000000000000e+00   0.0000000000000000e+00   0.0000000000000000e+00   0.0000000000000000e+00   0.0000000000000000e+00   
-7.1197758696716846e-03  -7.5355287637387854e-03  -7.9000924808702386e-03  -7.4710806254015419e-03  -7.9021192521600975e-03  -7.5374872934650394e-03  -7.1216461201753390e-03  -7.4730259271581960e-03  
3    3    3    3    3    3    3    3    3    3    3    3    
1                        2                        3                        1                        3                        4                        5                        3                        2                        5                        2                        6                        2                        1                        7                        2                        7                        6                        8                        4                        1                        8                        1                        7                        3                        4                        8                        3                        8                        5                        7                        6                        5                        7                        5                        8                        
1                        1                        1                        1                        1                        1                        1                        1                        1                        1                        1                        1                        
0                        0                        0                        0                        0                        0                        0                        0                        0                        0                        0                        0                        

ZONE T="Cell 279980"
ZONETYPE=FEPOLYHEDRON
NODES=4 ELEMENTS=1 FACES=4
TotalNumFaceNodes=12
NumConnectedBoundaryFaces=0 TotalNumBoundaryConnections=0
0.0000000000000000e+00   0.0000000000000000e+00   0.0000000000000000e+00   0.0000000000000000e+00   
0.0000000000000000e+00   0.0000000000000000e+00   0.0000000000000000e+00   0.0000000000000000e+00   
1.3931118701228604e-04   -2.8634867279368407e-03  -1.8094332934608839e-02  -1.5690085326152264e-02  
3    3    3    3    
1                        2                        3                        3                        4                        1                        4                        3                        2                        4                        1                        2                        
1                        1                        1                        1                        
0                        0                        0                        0                        

ZONE T="Cell 1277670"
ZONETYPE=FEPOLYHEDRON
NODES=8 ELEMENTS=1 FACES=12
TotalNumFaceNodes=36
NumConnectedBoundaryFaces=0 TotalNumBoundaryConnections=0
0.0000000000000000e+00   0.0000000000000000e+00   0.0000000000000000e+00   0.0000000000000000e+00   0.0000000000000000e+00   0.0000000000000000e+00   0.0000000000000000e+00   0.0000000000000000e+00   
0.0000000000000000e+00   0.0000000000000000e+00   0.0000000000000000e+00   0.0000000000000000e+00   0.0000000000000000e+00   0.0000000000000000e+00   0.0000000000000000e+00   0.0000000000000000e+00   
-9.2020399307161417e-03  -9.0072239263782553e-03  -9.0502827304685118e-03  -9.2461557954630208e-03  -9.0085601753168640e-03  -9.0516189562849948e-03  -9.2474953713412768e-03  -9.2033795213219971e-03  
3    3    3    3    3    3    3    3    3    3    3    3    
1                        2                        3                        1                        3                        4                        3                        2                        5                        3                        5                        6                        7                        4                        3                        7                        3                        6                        7                        4                        1                        7                        1                        8                        1                        2                        5                        1                        5                        8                        8                        5                        6                        8                        6                        7                        
1                        1                        1                        1                        1                        1                        1                        1                        1                        1                        1                        1                        
0                        0                        0                        0                        0                        0                        0                        0                        0                        0                        0                        0                        

ZONE T="Cell 1384855"
ZONETYPE=FEPOLYHEDRON
NODES=8 ELEMENTS=1 FACES=12
TotalNumFaceNodes=36
NumConnectedBoundaryFaces=0 TotalNumBoundaryConnections=0
0.0000000000000000e+00   0.0000000000000000e+00   0.0000000000000000e+00   0.0000000000000000e+00   0.0000000000000000e+00   0.0000000000000000e+00   0.0000000000000000e+00   0.0000000000000000e+00   -0.0000000000000000e+00   0.0000000000000000e+00   0.0000000000000000e+00   0.0000000000000000e+00   3    3    3    3    
1                        2                        3                        4                        1                        3                        3                        2                        4                        1                        2                        4     3    3    3    3    1                        1               1                        2                        3         0                        0                        0                        0                        

ZONE T="Cell 1503395"
ZONETYPE=FEPOLYHEDRON
NODES=8 ELEMENTS=1 FACES=12
TotalNumFaceNodes=36
NumConnectedBoundaryFaces=0 TotalNumBoundaryConnections=0
0.0000000000000000e+00   0.0000000000000000e+00   0.0000000000000000e+00   0.0000000000000000e+00   0.0000000000000000e+00   0.0000000000000000e+00   0.0000000000000000e+00   0.0000000000000000e+00   
0.0000000000000000e+00   0.0000000000000000e+00   0.0000000000000000e+00   0.0000000000000000e+00   0.0000000000000000e+00   0.0000000000000000e+00   0.0000000000000000e+00   0.0000000000000000e+00   
-7.7517492719235337e-03  -7.7459704237962425e-03  -7.2741659444813065e-03  -7.2796753452917017e-03  -7.2637869477273475e-03  -7.2690480163462830e-03  -7.7404665263316871e-03  -7.7349429764400103e-03  
3    3    3    3    3    3    3    3    3    3    3    3    
1                        2                        3                        1                        3                        4                        3                        5                        6                        3                        6                        4                        7                        8                        5                        7                        5                        6                        2                        8                        7                        2                        7                        1                        6                        4                        1                        6                        1                        7                        5                        3                        2                        5                        2                        8                        
1                        1                        1                        1                        1                        1                        1                        1                        1                        1                        1                        1                        
0                        0                        0                        0                        0                        0                        0                        0                        0                        0                        0                        0                        

ZONE T="Cell 1271598"
ZONETYPE=FEPOLYHEDRON
NODES=8 ELEMENTS=1 FACES=12
TotalNumFaceNodes=36
NumConnectedBoundaryFaces=0 TotalNumBoundaryConnections=0
0.0000000000000000e+00   0.0000000000000000e+00   0.0000000000000000e+00   0.0000000000000000e+00   0.0000000000000000e+00   0.0000000000000000e+00   0.0000000000000000e+00   0.0000000000000000e+00   
0.0000000000000000e+00   0.0000000000000000e+00   0.0000000000000000e+00   0.0000000000000000e+00   0.0000000000000000e+00   0.0000000000000000e+00   0.0000000000000000e+00   0.0000000000000000e+00   
-8.0939150602935567e-03  -6.9707304171272490e-03  -6.9233719192609887e-03  -8.0384414916257838e-03  -6.9250557308125609e-03  -6.9724154529657379e-03  -8.0956003000900896e-03  -8.0401255099442469e-03  
3    3    3    3    3    3    3    3    3    3    3    3    
1                        2                        3                        1                        3                        4                        5                        3                        2                        5                        2                        6                        2                        1                        7                        2                        7                        6                        8                        4                        1                        8                        1                        7                        3                        4                        8                        3                        8                        5                        7                        6                        5                        7                        5                        8                        
1                        1                        1                        1                        1                        1                        1                        1                        1                        1                        1                        1                        
0                        0                        0                        0                        0                        0                        0                        0                        0                        0                        0                        0                        

ZONE T="Cell 1180902"
ZONETYPE=FEPOLYHEDRON
NODES=8 ELEMENTS=1 FACES=12
TotalNumFaceNodes=36
NumConnectedBoundaryFaces=0 TotalNumBoundaryConnections=0
0.0000000000000000e+00   0.0000000000000000e+00   0.0000000000000000e+00   0.0000000000000000e+00   0.0000000000000000e+00   0.0000000000000000e+00   0.0000000000000000e+00   0.0000000000000000e+00   
0.0000000000000000e+00   0.0000000000000000e+00   0.0000000000000000e+00   0.0000000000000000e+00   0.0000000000000000e+00   0.0000000000000000e+00   0.0000000000000000e+00   0.0000000000000000e+00   
-7.2648078522811275e-03  -7.2784443050776405e-03  -7.7508957042774357e-03  -7.7363675551120423e-03  -7.7514468832168629e-03  -7.2789713667207219e-03  -7.2653328062537124e-03  -7.7369165860615898e-03  
3    3    3    3    3    3    3    3    3    3    3    3    
1                        2                        3                        1                        3                        4                        5                        3                        2                        5                        2                        6                        2                        1                        7                        2                        7                        6                        8                        4                        1                        8                        1                        7                        3                        4                        8                        3                        8                        5                        7                        6                        5                        7                        5                        8                        
1                        1                        1                        1                        1                        1                        1                        1                        1                        1                        1                        1                        
0                        0                        0                        0                        0                        0                        0                        0                        0                        0                        0                        0                        

ZONE T="Cell 2141407"
ZONETYPE=FEPOLYHEDRON
NODES=8 ELEMENTS=1 FACES=12
TotalNumFaceNodes=36
NumConnectedBoundaryFaces=0 TotalNumBoundaryConnections=0
0.0000000000000000e+00   0.0000000000000000e+00   0.0000000000000000e+00   0.0000000000000000e+00   0.0000000000000000e+00   0.0000000000000000e+00   0.0000000000000000e+00   0.0000000000000000e+00   
0.0000000000000000e+00   0.0000000000000000e+00   0.0000000000000000e+00   0.0000000000000000e+00   0.0000000000000000e+00   0.0000000000000000e+00   0.0000000000000000e+00   0.0000000000000000e+00   
-7.1279818430523816e-03  -7.2588472149232334e-03  -7.7503782281634782e-03  -7.5892129303554252e-03  -7.9093089430155618e-03  -7.4094890805740474e-03  -7.2744806069453809e-03  -7.7436108074017953e-03  
3    3    3    3    3    3    3    3    3    3    3    3    
1                        2                        3                        1                        3                        4                        5                        3                        2                        5                        2                        6                        2                        1                        7                        2                        7                        6                        8                        4                        1                        8                        1                        7                        3                        4                        8                        3                        8                        5                        7                        6                        5                        7                        5                        8                        
1                        1                        1                        1                        1                        1                        1                        1                        1                        1                        1                        1                        
0                        0                        0                        0                        0                        0                        0                        0                        0                        0                        0                        0                        

ZONE T="Cell 1301064"
ZONETYPE=FEPOLYHEDRON
NODES=8 ELEMENTS=1 FACES=12
TotalNumFaceNodes=36
NumConnectedBoundaryFaces=0 TotalNumBoundaryConnections=0
0.0000000000000000e+00   0.0000000000000000e+00   0.0000000000000000e+00   0.0000000000000000e+00   0.0000000000000000e+00   0.0000000000000000e+00   0.0000000000000000e+00   0.0000000000000000e+00   
0.0000000000000000e+00   0.0000000000000000e+00   0.0000000000000000e+00   0.0000000000000000e+00   0.0000000000000000e+00   0.0000000000000000e+00   0.0000000000000000e+00   0.0000000000000000e+00   
-8.0160799336351767e-03  -7.0495215322623128e-03  -6.9997084666373801e-03  -7.9600494478322022e-03  -7.0018549840256275e-03  -7.0516709844819789e-03  -8.0182287742423843e-03  -7.9621950615372614e-03  
3    3    3    3    3    3    3    3    3    3    3    3    
1                        2                        3                        1                        3                        4                        5                        3                        2                        5                        2                        6                        2                        1                        7                        2                        7                        6                        8                        4                        1                        8                        1                        7                        3                        4                        8                        3                        8                        5                        7                        6                        5                        7                        5                        8                        
1                        1                        1                        1                        1                        1                        1                        1                        1                        1                        1                        1                        
0                        0                        0                        0                        0                        0                        0                        0                        0                        0                        0                        0                        

ZONE T="Cell 1151607"
ZONETYPE=FEPOLYHEDRON
NODES=8 ELEMENTS=1 FACES=12
TotalNumFaceNodes=36
NumConnectedBoundaryFaces=0 TotalNumBoundaryConnections=0
0.0000000000000000e+00   0.0000000000000000e+00   0.0000000000000000e+00   0.0000000000000000e+00   0.0000000000000000e+00   0.0000000000000000e+00   0.0000000000000000e+00   0.0000000000000000e+00   
0.0000000000000000e+00   0.0000000000000000e+00   0.0000000000000000e+00   0.0000000000000000e+00   0.0000000000000000e+00   0.0000000000000000e+00   0.0000000000000000e+00   0.0000000000000000e+00   
-7.7508957042774357e-03  -7.7504543080668051e-03  -7.2780221533107004e-03  -7.2784443050776405e-03  -7.2643857143436840e-03  -7.2648078522811275e-03  -7.7359261502327513e-03  -7.7363675551120423e-03  
3    3    3    3    3    3    3    3    3    3    3    3    
1                        2                        3                        1                        3                        4                        3                        5                        6                        3                        6                        4                        7                        2                        3                        7                        3                        5                        8                        7                        5                        8                        5                        6                        2                        7                        8                        2                        8                        1                        6                        4                        1                        6                        1                        8                        
1                        1                        1                        1                        1                        1                        1                        1                        1                        1                        1                        1                        
0                        0                        0                        0                        0                        0                        0                        0                        0                        0                        0                        0                        

ZONE T="Cell 2030143"
ZONETYPE=FEPOLYHEDRON
NODES=8 ELEMENTS=1 FACES=12
TotalNumFaceNodes=36
NumConnectedBoundaryFaces=0 TotalNumBoundaryConnections=0
0.0000000000000000e+00   0.0000000000000000e+00   0.0000000000000000e+00   0.0000000000000000e+00   0.0000000000000000e+00   0.0000000000000000e+00   0.0000000000000000e+00   0.0000000000000000e+00   
0.0000000000000000e+00   0.0000000000000000e+00   0.0000000000000000e+00   0.0000000000000000e+00   0.0000000000000000e+00   0.0000000000000000e+00   0.0000000000000000e+00   0.0000000000000000e+00   
-8.1052450706873037e-03  -7.7333076602345025e-03  -7.0911238344626652e-03  -7.4375661059089817e-03  -6.9476689582010382e-03  -7.2548471708242558e-03  -7.9097700017137524e-03  -7.5797712386114586e-03  
3    3    3    3    3    3    3    3    3    3    3    3    
1                        2                        3                        1                        3                        4                        3                        5                        6                        3                        6                        4                        7                        8                        5                        7                        5                        6                        2                        8                        7                        2                        7                        1                        6                        4                        1                        6                        1                        7                        5                        3                        2                        5                        2                        8                        
1                        1                        1                        1                        1                        1                        1                        1                        1                        1                        1                        1                        
0                        0                        0                        0                        0                        0                        0                        0                        0                        0                        0                        0                        

ZONE T="Cell 2057946"
ZONETYPE=FEPOLYHEDRON
NODES=8 ELEMENTS=1 FACES=12
TotalNumFaceNodes=36
NumConnectedBoundaryFaces=0 TotalNumBoundaryConnections=0
0.0000000000000000e+00   0.0000000000000000e+00   0.0000000000000000e+00   0.0000000000000000e+00   0.0000000000000000e+00   0.0000000000000000e+00   0.0000000000000000e+00   0.0000000000000000e+00   
0.0000000000000000e+00   0.0000000000000000e+00   0.0000000000000000e+00   0.0000000000000000e+00   0.0000000000000000e+00   0.0000000000000000e+00   0.0000000000000000e+00   0.0000000000000000e+00   
-7.6078065157619990e-03  -6.6569644312223057e-03  -6.6950083687681511e-03  -7.6517480081919782e-03  -7.3640489622428529e-03  -7.3225731321826569e-03  -8.4042762537963021e-03  -8.3564513026537380e-03  
3    3    3    3    3    3    3    3    3    3    3    3    
1                        2                        3                        1                        3                        4                        5                        3                        2                        5                        2                        6                        4                        3                        5                        4                        5                        7                        7                        4                        1                        7                        1                        8                        1                        2                        6                        1                        6                        8                        8                        6                        5                        8                        5                        7                        
1                        1                        1                        1                        1                        1                        1                        1                        1                        1                        1                        1                        
0                        0                        0                        0                        0                        0                        0                        0                        0                        0                        0                        0                        

ZONE T="Cell 2199905"
ZONETYPE=FEPOLYHEDRON
NODES=8 ELEMENTS=1 FACES=12
TotalNumFaceNodes=36
NumConnectedBoundaryFaces=0 TotalNumBoundaryConnections=0
0.0000000000000000e+00   0.0000000000000000e+00   0.0000000000000000e+00   0.0000000000000000e+00   0.0000000000000000e+00   0.0000000000000000e+00   0.0000000000000000e+00   0.0000000000000000e+00   
0.0000000000000000e+00   0.0000000000000000e+00   0.0000000000000000e+00   0.0000000000000000e+00   0.0000000000000000e+00   0.0000000000000000e+00   0.0000000000000000e+00   0.0000000000000000e+00   
-6.7801742899711824e-03  -7.8904176952421246e-03  -7.7241699381516956e-03  -6.6891938458315883e-03  -8.2247651348300935e-03  -8.4030513399141072e-03  -7.1255118559331318e-03  -7.2210844604985863e-03  
3    3    3    3    3    3    3    3    3    3    3    3    
1                        2                        3                        1                        3                        4                        5                        3                        2                        5                        2                        6                        4                        3                        5                        4                        5                        7                        7                        4                        1                        7                        1                        8                        1                        2                        6                        1                        6                        8                        8                        6                        5                        8                        5                        7                        
1                        1                        1                        1                        1                        1                        1                        1                        1                        1                        1                        1                        
0                        0 NumConnectedBoundaryFaces=0 TotalNumBoundaryConnections=0
0.0000000000000000e+00   0.0000000000000000e+00   0.0000000000000000e+00   0.0000000000000000e+00   
0.0000000000000000e+00   0.0000000000000000e+00   0.0000000000000000e+00   0.0000000000000000e+00   
-8.9596704268285095e-03  -8.4024968067763703e-03  -9.687918NODES=8 ELEMENTS=1 FACES=12
TotalNumFaceNodes=36
NumConnectedBoundaryFaces=0 TotalNumBoundaryConnections=0
0.0000000000000000e+00   0.0000000000000000e+00   0.0000000000000000e+00   0.0000000000000000e+00   0.0000000000000000e+00   0.0000000000000000e+00   0.0000000000000000e+00   0.0000000000000000e+00   
0.0000000000000000e+00   0.0000000000000000e+00   0.0000000000000000e+00   0.0000000000000000e+00   0.0000000000000000e+00   0.0000000000000000e+00   0.0000000000000000e+00   0.0000000000000000e+00   
-7.0808538059838168e-03  -7.0784486608853996e-03  -7.03306ZONE T="Cell 1746366"
ZONETYPE=FEPOLYHEDRON
NODES=8 ELEMENTS=1 FACES=12
TotalNumFaceNodes=36
NumConnectedBoundaryFaces=0 TotalNumBoundaryConnections=0
0.0000000000000000e+00   0.0000000000000000e+00   0.0000000000000000e+00   0.0000000000000000e+00   0.0000000000000000e+00   0.0000000000000000e+00   0.0000000000000000e+00   0.0000000000000000e+00   
0.0000000000000000e+00   0.0000000000000000e+00   0.0000000000000000e+00   0.0000000000000000e+00   0.0000000000000000e+00   0.0000000000000000e+00   0.0000000000000000e+00   0.0000000000000000e+00   
-9.0045346538399039e-03  -9.0222383499689619e-03  -9.2166939979260280e-03  -9.1986363995325369e-03  -9.0566831744507952e-03  -9.2515614328613632e-03  -9.0390023196058270e-03  -9.2335258646623290e-03  
3    3    3    3    3    3    3    3    3    3    3    3    
1                        2                        3                        1                        3                        4                        3                        2                        5                        3                        5                        6                        2                        1                        7                        2                        7                        5                        8                        4                        1                        8                        1                        7                        3                        4                        8                        3                        8                        6                        7                        5                        6                        7                        6                        8                        
1                        1                        1                        1                        1                        1                        1                        1                        1                        1                        1                        1                        
0                        0                        0                        0                        0                        0                        0                        0                        0                        0                  -7.8661826133230497e-03  -7.0925943076930982e-03  -7.1376
ZONE T="Cell 2039822"
ZONETYPE=FEPOLYHEDRON
NODES=8 ELEMENTS=1 FACES=12
TotalNumFaceNodes=36
NumConnectedBoundaryFaces=0 TotalNumBoundaryConnections=0
0.0000000000000000e+00   0.0000000000000000e+00   0.0000000000000000e+00   0.0000000000000000e+00   0.0000000000000000e+00   0.0000000000000000e+00   0.0000000000000000e+00   0.0000000000000000e+00   
0.0000000000000000e+00   0.0000000000000000e+00   0.0000000000000000e+00   0.0000000000000000e+00   0.0000000000000000e+00   0.0000000000000000e+00   0.0000000000000000e+00   0.0000000000000000e+00   
-9.5360637278808294e-03  -9.2007856650663886e-03  -8.9478905046958025e-03  -9.2567290121527059e-03  -8.9857129384509071e-03  -9.3548441948073085e-03  -8.7061804169381116e-03  -9.0348016826655476e-03  
3    3    3    3    3    3    3    3    3    3    3    3    
1                        2                        3                        1                        3                        4                        5                        2                        1                        5                        1                        6                        6                        5                        7                        6                        7                        8                        7                        3                        4                        7                        4                        8                        8                        4                        1                        8                        1                        6                        7                        3                        2                        7                        2                        5                        
1                        1                        1             TotalNumFaceNodes=36
NumConnectedBoundaryFaces=0 TotalNumBoundaryConnections=0
0.0000000000000000e+00   0.0000000000000000e+00   0.0000000000000000e+00   0.0000000000000000e+00   0.0000000000000000e+00   0.0000000000000000e+00   0.0000000000000000e+00   0.0000000000000000e+00   
0.0000000000000000e+00   0.0000000000000000e+00   0.0000000000000000e+00   0.0000000000000000e+00   0.0000000000000000e+00   0.0000000000000000e+00   0.0000000000000000e+00   0.0000000000000000e+00   
-8.2287331039400738e-03  -8.0757057413515156e-03  -6.5768835844246558e-03  -6.6941604709161709e-03  -6.7768692506251227e-03  -8.32TotalNumFaceNodes=36
NumConnectedBoundaryFaces=0 TotalNumBoundaryConnections=0
0.0000000000000000e+00   0.0000000000000000e+00   0.0000000000000000e+00   0.0000000000000000e+00   0.0000000000000000e+00   0.0000000000000000e+00   0.0000000000000000e+00   0.0000000000000000e+00   
0.0000000000000000e+00   0.0000000000000000e+00   0.0000000000000000e+00   0.0000000000000000e+00   0.0000000000000000e+00   0.0000000000000000e+00   0.0000000000000000e+00   0.0000000000000000e+00   
-9.6700358078317603e-03  -8.6443644039845106e-03  -8.5849410975716023e-03  -9.6035120898941700e-03  -8.5866144647184506e-03  -8.6460389855064108e-03  -9.6717107519990828e-03  -9.6051858149115779e-03  
3    3    3    3    3    3    3    3    3    3    3    3    
1                        2                        3                        1                        3                        4                        5                        3                        2                        5                        2                        6                        2                        1                        7                        2                        7                        6                        8                        4                        1                        8                        1                        7                        3                        4                        8                        3                        8                        5                        7                        6                        5                        7                        5                        8                        
1                        1         NODES=4 ELEMENTS=1 FACES=4
TotalNumFaceNodes=12
NumConnectedBoundaryFaces=0 TotalNumBoundaryConnections=0
0.0000000000000000e+00   0.0000000000000000e+00   0.0000000000000000e+00   0.0000000000000000e+00   
0.0000000000000000e+00   0.0000000000000000e+00   0.0000000000000000e+00   0.0000000000000000e+00   
-1.1260783266835682e-02  -6.1066458839350128e-03  -7.3928696408882503e-03  -5.2722746618663816e-03  
3    3    3    3    
1                        2                        3                        2                        4                        1                        4                        2                        3                        3                        4                        1             0.00000000001                        1                        1                        1                        
0                        0                        0                        0                        

ZONE T="Cell 2140899"
ZONETYPE=FEPOLYHEDRON
NODES=8 ELEMENTS=1 FACES=12
TotalNumFaceNodes=36
NumConnectedBoundaryFaces=0 TotalNumBoundaryConnections=0
0.0000000000000000e+00   0.0000000000000000e+00   0.0000000000000000e+00   0.0000000000000000e+00   0.0000000000000000e+00   0.0000000000000000e+00   0.0000000000000000e+00   0.0000000000000000e+00   
0.0000000000000000e+00   0.0000000000000000e+00   0.0000000000000000e+00   0.0000000000000000e+00   0.0000000000000000e+00   0.0000000000000000e+00   0.0000000000000000e+00   0.0000000000000000e+00   
-7.1618539127526297e-03  -7.6583728945029440e-03  -7.4877280728672157e-03  -6.9799666065379828e-03  -8.0456476639485172e-03  -7.8661101263048684e-03  -7.3331881906361206e-03  -7.5246363740838164e-03  
3    3    3    3    3    3    3    3    3    3    3    3    
1                        2                        3                        1                        3                        4                        3                        2                        5                        3                        5                        6                        4                        3                        6                        4                        6                        7                        7                        4                        1                        7                        1                        8                        1                        2                        5                        1                        5                        8                        8                        5                        6                        8                        6                        7                        
1                        1                        1                        1                        1                        1                        1                        1                        1                        1                        1                        1                        
0                        0                        0                        0                        0                        0                        0                        0                        0                        0                        0                        0                        

ZONE T="Cell 1004923"
ZONETYPE=FEPOLYHEDRON
NODES=4 ELEMENTS=1 FACES=4
TotalNumFaceNodes=12
NumConnectedBoundaryFaces=0 TotalNumBoundaryConnections=0
0.0000000000000000e+00   0.0000000000000000e+00   0.0000000000000000e+00   0.0000000000000000e+00   
0.0000000000000000e+00   0.0000000000000000e+00   0.0000000000000000e+00   0.0000000000000000e+00   
-6.7666637872415940e-03  -6.2975755692029709e-03  -8.8791516923876577e-03  -8.0853405469914329e-03  
3    3    3    3    
1                        2                        3                        1                        3                        4                        2                        1                        4                        2                        3                        4                        
1                        1                        1                        1                        
0                        0                        0                        0                        

ZONE T="Cell 1453174"
ZONETYPE=FEPOLYHEDRON
NODES=8 ELEMENTS=1 FACES=12
TotalNumFaceNodes=36
NumConnectedBoundaryFaces=0 TotalNumBoundaryConnections=0
0.0000000000000000e+00   0.0000000000000000e+00   0.0000000000000000e+00   0.0000000000000000e+00   0.0000000000000000e+00   0.0000000000000000e+00   0.0000000000000000e+00   0.0000000000000000e+00   
0.0000000000000000e+00   0.0000000000000000e+00   0.0000000000000000e+00   0.0000000000000000e+00   0.0000000000000000e+00   0.0000000000000000e+00   0.0000000000000000e+00   0.0000000000000000e+00   
-7.5720037279906971e-03  -7.4043565331382150e-03  -7.4395041855035435e-03  -7.6081759196078387e-03  -7.4086547632948594e-03  -7.4438015665351633e-03  -7.6124997157630174e-03  -7.5763283422628017e-03  
3    3    3    3    3    3    3    3    3    3    3    3    
1                        2                        3                        1                        3                        4                        3                        2                        5                        3                        5                        6                        7                        4                        3                        7                        3                        6                        7                        4                        1                        7                        1                        8                        1                        2                        5                        1                        5                        8                        8                        5                        6                        8                        6                        7                        
1                        1                        1                        1                        1                        1                        1                        1                        1                        1                        1                        1                        
0                        0                        0                        0                        0                        0                        0                        0         0.0000000000000000e+00   0.0000000000000000e+00   0.0000000000000000e+00   0.0000000000000000e+00   
3.88590675002511ZONE T="Cell 1760812"
ZONETYPE=FEPOLYHEDRON
NODES=8 ELEMENTS=1 FACES=12
TotalNumFaceNodes=36
NumConnectedBoundaryFaces=0 TotalNumBoundaryConnections=0
0.0000000000000000e+00   0.0000000000000000e+00   0.0000000000000000e+00   0.0000000000000000e+00   0.0000000000000000e+00   0.0000000000000000e+00   0.0000000000000000e+00   0.0000000000000000e+00   
0.0000000000000000e+00   0.0000000000000000e+00   0.0000000000000000e+00   0.0000000000000000e+00   0.0000000000000000e+00   0.0000000000000000e+00   0.0000000000000000e+00   0.0000000000000000e+00   
-7.7516525252179823e-03  -7.0171408099426258e-03  -7.0341434377991750e-03  -7.7699170350095494e-03  NODES=4 ELEMENTS=1 FACES=4
TotalNumFaceNodes=12
NumConnectedBoundaryFaces=0 TotalNumBoundaryConnections=0
0.0000000000000000e+00   0.0000000000000000e+00   0.0000000000000000e+00   0.0000000000000000e+00   
0.0000000000000000e+00   0.0000000000000000e+00   0.0000000000000000e+00   0.0000000000000000e+00   
-8.3566925896664604e-03  -1.0234761299966727e-02  -8.2132529945491400e-03  -9.7007029546292301e-03  
3    3    3    3    
1                        2                        3                        2                        1                        4                        3                        4                        1                        4                        2                        3                        
1                        1                        1                        1                        
0                        0                        0                        0                        

ZONE T="Cell 1711171"
ZONETYPE=FEPOLYHEDRON
NODES=8 ELEMENTS=1 FACES=12
TotalNumFaceNodes=36
NumConnectedBoundaryFaces=0 TotalNumBoundaryConnections=0
0.0000000000000000e+00   0.0000000000000000e+00   0.0000000000000000e+00   0.0000000000000000e+00   0.0000000000000000e+00   0.0000000000000000e+00   0.0000000000000000e+00   0.0000000000000000e+00   
0.0000000000000000e+00   0.0000000000000000e+00   0.0000000000000000e+00   0.0000000000000000e+00   0.0000000000000000e+00   0.0000000000000000e+00   0.0000000000000000e+00   0.0000000000000000e+00   
-8.5735820803698095e-03  -8.4866903482061669e-03  -8.5438026557990814e-03  -8.6309960849799919e-03  -9.6834226366309464e-03  -9.7705984773896314e-03  -9.6174124644210195e-03  -9.7042865795751374e-03  
3    3    3    3    3    3    3    3    3    3    3    3    
1                        2                        3                        1                        3                        4                        3                        5                        6                        3                        6                        4                        7                        2                        3                        7                        3                        5                        8                        7                        5                        8                        5                        6                        2                        7                        8                        2                        8                        1      1                        2                        3                        1                        3                        4                        5                  1                        1                        1                        1                        1                        1                        1                        1                        1                        1                        1                        1                        
0                        0                        0                        0                        0                        0                        0                        0                        0                        0                        0                        0                        

ZONE T="Cell 1889182"
ZONETYPE=FEPOLYHEDRON
NODES=8 ELEMENTS=1 FACES=12
TotalNumFaceNodes=36
NumConnectedBoundaryFaces=0 TotalNumBoundaryConnections=0
0.0000000000000000e+00   0.0000000000000000e+00   0.0000000000000000e+00   0.0000000000000000e+00   0.0000000000000000e+00   0.0000000000000000e+00   0.0000000000000000e+00   0.0000000000000000e+00   
0.0000000000000000e+00   0.0000000000000000e+00   0.0000000000000000e+00   0.0000000000000000e+00   0.0000000000000000e+00   0.0000000000000000e+00   0.0000000000000000e+00   0.0000000000000000e+00   
-8.8871023480870375e-03  -8.5516351485030676e-03  -8.6062478169432327e-03  -8.9432153736623103e-03  -9.3713426905975995e-03  -9.7082017101535554e-03  -9.6463566672847761e-03  -9.3110046275441428e-03  
3    3    3    3    3    3    3    3    3    3    3    3    
1                        2                        3                        1                        3                        4                        3                        5                        6                        3                        6                        4                        7                        8                        5                        7                        5                        6                        2                        8                        7                        2                        7                        1                        6                        4                        1                        6                        1                        7      1                        2                        3                        1                        3                        4                        5                  1                        1                        1                        1                        1                        1                        1                        1                        1                        1                        1                        1                        
0                        0                        0                        0                        0                        0                        0                        0                        0                        0                        0                        0                        

ZONE T="Cell 1583948"
ZONETYPE=FEPOLYHEDRON
NODES=8 ELEMENTS=1 FACES=12
TotalNumFaceNodes=36
NumConnectedBoundaryFaces=0 TotalNumBoundaryConnections=0
0.0000000000000000e+00   0.0000000000000000e+00   0.0000000000000000e+00   0.0000000000000000e+00   0.0000000000000000e+00   0.0000000000000000e+00   0.0000000000000000e+00   0.0000000000000000e+00   
0.0000000000000000e+00   0.0000000000000000e+00   0.0000000000000000e+00   0.0000000000000000e+00   0.0000000000000000e+00   0.0000000000000000e+00   0.0000000000000000e+00   0.0000000000000000e+00   
-9.3199869262294167e-03  -9.1233803315793997e-03  -8.9271093402038589e-03  -9.1172726439102056e-03  -8.9394410961918247e-03  -9.1359535591238293e-03  -9.1297164005172404e-03  -9.3326760192434608e-03  
3    3    3    3    3    3    3    3    3    3    3    3    
1                        2                        3                        1                        3                        4                        5                        3                        2                        5                        2                        6                        7                        4                        1                        7                        1                        8                        3                        4                        7                        3                        7                        5                        1                        2                        6                        1                        6                        8      1                        2                        3                        1                        3                        4                        5                  1                        1                        1                        1                        1                        1                        1                        1                        1                        1                        1                        1                        
0                        0                        0                        0                        0                        0                        0                        0                        0                        0                        0                        0                        

ZONE T="Cell 1731856"
ZONETYPE=FEPOLYHEDRON
NODES=8 ELEMENTS=1 FACES=12
TotalNumFaceNodes=36
NumConnectedBoundaryFaces=0 TotalNumBoundaryConnections=0
0.0000000000000000e+00   0.0000000000000000e+00   0.0000000000000000e+00   0.0000000000000000e+00   0.0000000000000000e+00   0.0000000000000000e+00   0.0000000000000000e+00   0.0000000000000000e+00   
0.0000000000000000e+00   0.0000000000000000e+00   0.0000000000000000e+00   0.0000000000000000e+00   0.0000000000000000e+00   0.0000000000000000e+00   0.0000000000000000e+00   0.0000000000000000e+00   
-8.3519171499067020e-03  -8.3236956826669584e-03  -9.7313550159216188e-03  -9.7644687750945633e-03  -9.9194084781456925e-03  -9.9529110073914035e-03  -8.4770581797438994e-03  -8.5055987928296228e-03  
3    3    3    3    3    3    3    3    3    3    3    3    
1                        2                        3                        1                        3                        4                        4                        3                        5                        4                        5                        6                        7                        2                        3                        7                        3                        5                        8                        7                        5                        8                        5                        6                        2                        7                        8                        2                        8                        1      1                        2                        3                        1                        3                        4                        3                  1                        1                        1                        1                        1                        1                        1                        1                        1                        1                        1                        1                        
0                        0                        0                        0                        0                        0                        0                        0                        0                        0                        0                        0                        

ZONE T="Cell 93406"
ZONETYPE=FEPOLYHEDRON
NODES=4 ELEMENTS=1 FACES=4
TotalNumFaceNodes=12
NumConnectedBoundaryFaces=0 TotalNumBoundaryConnections=0
0.0000000000000000e+00   0.0000000000000000e+00   0.0000000000000000e+00   0.0000000000000000e+00   
0.0000000000000000e+00   0.0000000000000000e+00   0.0000000000000000e+00   0.0000000000000000e+00   
-5.4913644191674797e-03  -1.0402420511005137e-02  -1.1553525357902366e-02  -9.0571266423321792e-03  
3    3    3    3    
1                        2                        3                        3                        1                        4                        2                        4                        1                        4                        3                        2                        
1                        1                        1                        1                        
0                        0                        0                        0                        

ZONE T="Cell 1584940"
ZONETYPE=FEPOLYHEDRON
NODES=8 ELEMENTS=1 FACES=12
TotalNumFaceNodes=36
NumConnectedBoundaryFaces=0 TotalNumBoundaryConnections=0
0.0000000000000000e+00   0.0000000000000000e+00   0.0000000000000000e+00   0.0000000000000000e+00   0.0000000000000000e+00   0.0000000000000000e+00   0.0000000000000000e+00   0.0000000000000000e+00   
0.0000000000000000e+00   0.0000000000000000e+00   0.0000000000000000e+00   0.0000000000000000e+00   0.0000000000000000e+00   0.0000000000000000e+00   0.0000000000000000e+00   0.0000000000000000e+00   
-9.3614669118844036e-03  -8.5823664186373966e-03  -8.9704035612631662e-03  -9.5751529430210414e-03  -8.9777246214925513e-03  -8.5895063202083479e-03  -9.5829276660255799e-03  -9.3691535280108970e-03  
3    3    3    3    3    3    3    3    3    3    3    3    
1                        2                        3                        1                        3                        4                        5                        3                        2                        5                        2                        6                        7                        4                        1                        7                        1                        8                        3                        4                        7                        3                        7                        5                        1                        2                        6      1                        1                        1                        1                        1                        1                        1                        1                        1                        1                        1                        1                        
0                        0                        0                        0                        0                        0                        0                        0                        0                        0                        0                        0                        

ZONE T="Cell 1789484"
ZONETYPE=FEPOLYHEDRON
NODES=8 ELEMENTS=1 FACES=12
TotalNumFaceNodes=36
NumConnectedBoundaryFaces=0 TotalNumBoundaryConnections=0
0.0000000000000000e+00   0.0000000000000000e+00   0.0000000000000000e+00   0.0000000000000000e+00   0.0000000000000000e+00   0.0000000000000000e+00   0.0000000000000000e+00   0.0000000000000000e+00   
0.0000000000000000e+00   0.0000000000000000e+00   0.0000000000000000e+00   0.0000000000000000e+00   0.0000000000000000e+00   0.0000000000000000e+00   0.0000000000000000e+00   0.0000000000000000e+00   
-7.3071270984697637e-03  -7.8278199077124518e-03  -7.6581722019759641e-03  -7.1505099991870050e-03  -7.8745748055045611e-03  -7.7043076535407195e-03  -7.1937076381086524e-03  -7.3508869612417581e-03  
3    3    3    3    3    3    3    3    3    3    3    3    
1                        2                        3                        1                        3                        4                        3                        2                        5                        3                        5                        6                        4                        3                        6                        4                        6                        7                        7                        4                        1                        7                        1                        8                        1                        2                        5                        1                        5                        8                        8                        5                        6                        8                        6                        7                        
1                        1                        1                        1                        1                        1                        1                        1                        1                        1                        1                        1                        
0                        0                        0                        0                        0                        0                        0                        0                        0                        0                        0                        0                        

ZONE T="Cell 115704"
ZONETYPE=FEPOLYHEDRON
NODES=4 ELEMENTS=1 FACES=4
TotalNumFaceNodes=12
NumConnectedBoundaryFaces=0 TotalNumBoundaryConnections=0
0.0000000000000000e+00   0.0000000000000000e+00   0.0000000000000000e+00   0.0000000000000000e+00   
0.0000000000000000e+00   0.0000000000000000e+00   0.0000000000000000e+00   0.0000000000000000e+00   
-7.6342424121722124e-03  -6.8770348468658836e-03  -7.8490713381297560e-03  -7.6673865994595905e-03  
3    3    3    3    
1                        2                        3                        3                        4                        2                        3                        4                        1                        2                        1                        4                        
1                        1                        1                        1                        
0                        0                        0                        0                        

ZONE T="Cell 1384088"
ZONETYPE=FEPOLYHEDRON
NODES=8 ELEMENTS=1 FACES=12
TotalNumFaceNodes=36
NumConnectedBoundaryFaces=0 TotalNumBoundaryConnections=0
0.0000000000000000e+00   0.0000000000000000e+00   0.0000000000000000e+00   0.0000000000000000e+00   0.0000000000000000e+00   0.0000000000000000e+00   0.0000000000000000e+00   0.0000000000000000e+00   
0.0000000000000000e+00   0.0000000000000000e+00   0.0000000000000000e+00   0.0000000000000000e+00   0.0000000000000000e+00   0.0000000000000000e+00   0.0000000000000000e+00   0.0000000000000000e+00   
-7.0060937457344227e-03  -6.9453623389850779e-03  -6.9475550638564481e-03  -7.0085493645065007e-03  -8.0043080310648381e-03  -8.0067721779868203e-03  -8.0730648233545838e-03  -8.0758016472193793e-03  
3    3    3    3    3    3    3    3    3    3    3    3    
1                        2                        3                        1                        3                        4                        5                        2                        3                        5                        3                        6                        7                        5                        6                        7                        6                        8                        1                        7                        8                        1                        8                        4                        4                        8                        6                        4                        6                        3                        1                        7                        5                        1                        5                        2                        
1                        1                        1                        1                        1                        1                        1                        1                        1                        1                        1                        1                        
0                        0                        0                        0                        0                        0                        0                        0                        0                        0                        0                        0                        

ZONE T="Cell 1210197"
ZONETYPE=FEPOLYHEDRON
NODES=8 ELEMENTS=1 FACES=12
TotalNumFaceNodes=36
NumConnectedBoundaryFaces=0 TotalNumBoundaryConnections=0
0.0000000000000000e+00   0.0000000000000000e+00   0.0000000000000000e+00   0.0000000000000000e+00   0.0000000000000000e+00   0.0000000000000000e+00   0.0000000000000000e+00   0.0000000000000000e+00   
0.0000000000000000e+00   0.0000000000000000e+00   0.0000000000000000e+00   0.0000000000000000e+00   0.0000000000000000e+00   0.0000000000000000e+00   0.0000000000000000e+00   0.0000000000000000e+00   
-7.2653328062537124e-03  -7.2789713667207219e-03  -7.7514468832168629e-03  -7.7369165860615898e-03  -7.7521351497129298e-03  -7.2796294096269991e-03  -7.2659856181639662e-03  -7.7375994851361200e-03  
3    3    3    3    3    3    3    3    3    3    3    3    
1                        2                        3                        1                        3                        4                        5                        3                        2                        5                        2                        6                        2                        1                        7                        2                        7                        6                        8                        4                        1                        8                        1                        7                        3                        4                        8                        3                        8                        5                        7                        6                        5                        7                        5                        8                        
1                        1                        1                        1                        1                        1                        1                        1                        1                        1                        1                        1                        
0                        0                        0                        0                        0                        0                        0                        0                        0                        0                        0                        0                        

ZONE T="Cell 2005979"
ZONETYPE=FEPOLYHEDRON
NODES=8 ELEMENTS=1 FACES=12
TotalNumFaceNodes=36
NumConnectedBoundaryFaces=0 TotalNumBoundaryConnections=0
0.0000000000000000e+00   0.0000000000000000e+00   0.0000000000000000e+00   0.0000000000000000e+00   0.0000000000000000e+00   0.0000000000000000e+00   0.0000000000000000e+00   0.0000000000000000e+00   
0.0000000000000000e+00   0.0000000000000000e+00   0.0000000000000000e+00   0.0000000000000000e+00   0.0000000000000000e+00   0.0000000000000000e+00   0.0000000000000000e+00   0.0000000000000000e+00   
-7.4601213292195458e-03  -6.6623348416842377e-03  -6.6269554575773635e-03  -7.4185477590551340e-03  -7.5545169613952870e-03  -7.5944633868075540e-03  -8.3918821374845982e-03  -8.3456737074959503e-03  
3    3    3    3    3    3    3    3    3    3    3    3    
1                        2                        3                        1                        3                        4                        5                        3                        2                        5                        2                        6                        2                        1                        7                        2                        7                        6                        8                        4                        1                        8                        1                        7                        3                        4                        8                        3                        8                        5                        7                        6                        5                        7                        5                        8                        
1                        1                        1                        1                        1                        1                        1                        1                        1                        1                        1                        1                        
0                        0                        0                        0                        0                        0                        0                        0                        0                        0                        0                        0                        

ZONE T="Cell 1882119"
ZONETYPE=FEPOLYHEDRON
NODES=8 ELEMENTS=1 FACES=12
TotalNumFaceNodes=36
NumConnectedBoundaryFaces=0 TotalNumBoundaryConnections=0
0.0000000000000000e+00   0.0000000000000000e+00   0.0000000000000000e+00   0.0000000000000000e+00   0.0000000000000000e+00   0.0000000000000000e+00   0.0000000000000000e+00   0.0000000000000000e+00   
0.0000000000000000e+00   0.0000000000000000e+00   0.0000000000000000e+00   0.0000000000000000e+00   0.0000000000000000e+00   0.0000000000000000e+00   0.0000000000000000e+00   0.0000000000000000e+00   
-7.9012083264251888e-03  -6.8699704900544280e-03  -6.9123022885097841e-03  -7.9499372543698852e-03  -7.0979754040661810e-03  -7.0548927613438379e-03  -8.1586826719264073e-03  -8.1091048981718292e-03  
3    3    3    3    3    3    3    3    3    3    3    3    
1                        2                        3                        1                        3                        4                        5                        3                        2                        5                        2                        6                        4                        3                        5                        4                        5                        7                        7                        4                        1                        7                        1                        8                        1                        2                        6                        1                        6                        8                        8                        6                        5                        8                        5                        7                        
1                        1                        1                        1                        1                        1                        1                        1                        1                        1                        1                        1                        
0                        0                        0                        0                        0                        0                        0                        0                        0                        0                        0                        0                        

ZONE T="Cell 2086366"
ZONETYPE=FEPOLYHEDRON
NODES=8 ELEMENTS=1 FACES=12
TotalNumFaceNodes=36
NumConnectedBoundaryFaces=0 TotalNumBoundaryConnections=0
0.0000000000000000e+00   0.0000000000000000e+00   0.0000000000000000e+00   0.0000000000000000e+00   0.0000000000000000e+00   0.0000000000000000e+00   0.0000000000000000e+00   0.0000000000000000e+00   
0.0000000000000000e+00   0.0000000000000000e+00   0.0000000000000000e+00   0.0000000000000000e+00   0.0000000000000000e+00   0.0000000000000000e+00   0.0000000000000000e+00   0.0000000000000000e+00   
-6.9566219170278075e-03  -6.3957805690085150e-03  -6.3654321245567259e-03  -6.9234474987263615e-03  -7.9679844574779904e-03  -8.0069230445869860e-03  -8.7401716285432571e-03  -8.6974438136076734e-03  
3    3    3    3    3    3    3    3    3    3    3    3    
1                        2                        3                        1                        3                        4                        5                        3                        2                        5                        2                        6                        2                        1                        7                        2                        7                        6                        8                        4                        1                        8                        1                        7                        3                        4                        8                        3                        8                        5                        7                        6                        5                        7                        5                        8                        
1                        1                        1                        1                        1                        1                        1                        1                        1                        1                        1                        1                        
0                        0                        0                        0                        0                        0                        0                        0                        0                        0                        0                        0                        

ZONE T="Cell 1940610"
ZONETYPE=FEPOLYHEDRON
NODES=8 ELEMENTS=1 FACES=12
TotalNumFaceNodes=36
NumConnectedBoundaryFaces=0 TotalNumBoundaryConnections=0
0.0000000000000000e+00   0.0000000000000000e+00   0.0000000000000000e+00   0.0000000000000000e+00   0.0000000000000000e+00   0.0000000000000000e+00   0.0000000000000000e+00   0.0000000000000000e+00   
0.0000000000000000e+00   0.0000000000000000e+00   0.0000000000000000e+00   0.0000000000000000e+00   0.0000000000000000e+00   0.0000000000000000e+00   0.0000000000000000e+00   0.0000000000000000e+00   
-7.9352627291033786e-03  -6.7072989947342329e-03  -6.7586283080461338e-03  -7.9926001252839766e-03  -7.0583078646833195e-03  -6.9946705095989643e-03  -8.3378345748329752e-03  -8.2681687043093810e-03  
3    3    3    3    3    3    3    3    3    3    3    3    
1                        2                        3                        1                        3                        4                        5                        3                        2                        5                        2                        6                        4                        3                        5                        4                        5                        7                        7                        4                        1                        7                        1                        8                        1                        2                        6                        1                        6                        8                        8                        6                        5                        8                        5                        7                        
1                        1                        1                        1                        1                        1                        1                        1                        1                        1                        1                        1                        
0                        0                        0                        0                        0                        0                        0                        0                        0                        0                        0                        0                        

ZONE T="Cell 1795006"
ZONETYPE=FEPOLYHEDRON
NODES=8 ELEMENTS=1 FACES=12
TotalNumFaceNodes=36
